4
79153
0
0
new 2,0,1024
new 2,1024,2048
new 2,2048,3072
new 2,3072,4096
new 2,4096,5120
new 2,5120,6144
new 2,6144,7168
new 2,7168,8192
new 2,8192,9216
new 2,9216,10240
new 2,10240,11264
new 2,11264,12288
new 2,12288,13312
new 2,13312,14336
new 2,14336,15360
new 2,15360,16384
new 2,16384,17408
new 2,17408,18432
new 2,18432,19456
new 2,19456,20480
new 2,20480,21504
new 2,21504,22528
new 2,22528,23552
new 2,23552,24576
new 2,24576,25600
new 2,25600,26624
new 2,26624,27648
new 2,27648,28672
new 2,28672,29696
new 2,29696,30720
new 2,30720,31744
new 2,31744,32768
new 4,32768,32770,32789,33811
new 2,33811,34835
new 2,34835,35859
new 2,35859,36883
new 2,36883,37907
new 2,37907,38931
new 2,38931,39955
new 2,39955,40979
new 2,40979,42003
new 2,42003,43027
new 2,43027,44051
new 2,44051,45075
new 2,45075,46099
new 2,46099,47123
new 2,47123,48147
new 2,48147,49171
new 2,49171,50195
new 2,50195,51219
new 2,51219,52243
new 2,52243,53267
new 2,53267,54291
new 2,54291,55315
new 2,55315,56339
new 2,56339,57363
new 2,57363,58387
new 2,58387,59411
new 2,59411,60435
new 2,60435,61459
new 2,61459,62483
new 2,62483,63507
new 2,63507,64531
new 2,64531,65555
new 4,65555,65567,65570,66582
new 2,66582,67606
new 2,67606,68630
new 2,68630,69654
new 2,69654,70678
new 2,70678,71702
new 2,71702,72726
new 2,72726,73750
new 2,73750,74774
new 2,74774,75798
new 2,75798,76822
new 2,76822,77846
new 2,77846,78870
new 2,78870,78914
zero 6,32770,32789,65567,65570,78914,79153
